0.05387916580425256
0.7695359967973675
0.7898443412530741
1.0301014338847179
60.95425055599603
175.26914206300592
34.18677921623333
0.3960029937336014
1.6099794453700857
0.3206969323962645
27.2058840214378
0.08295860489208509
0.026071528906313986
3.3378115107288298
85.09226069117999
56.04397348924999
0.5339268400040377
0.19322602246426196
0.17273055828333028
0.29242427954896505
0.8090141874861008
59.01912833118454
1.0959492416092171
0.3334504231073965
3.1456314026000016
1.3595592269161632
38.04369392661221
0.9605434944456145
0.5523839325634443
13.399107455277184
0.44676437163299143
66.75431990564009
0.6824297273519101
0.12527316678607744
0.04781685024298356
0.04221935160580946
1.9638755788439077
57.24887468001708
0.6526455317696519
0.10453637715308325
31.843939324266824
0.6512908005767134
8.952532231822495
0.5776265941955674
0.5161349898960607
0.9713994803420326
1.02357998803641
0.04707356691100546
0.47658480925803454
46.27604034896331
0.7101695302838288
1.9711316313914986
1.0914659166130734
0.18058130378718562
0.07430512560786878
1.0441707079518925
1.2647367298095835
41.48533201098887
132.60920820718738
0.8699263169423028
0.4988377200112294
1.0466410434257967
0.6223593115223169
0.8009155357808382
2.881666761592146
0.49541280752594097
152.93590019426114
2.393743682593032
10.256453875833904
0.07298692776931336
0.10785493486529601
0.8656185088850997
4.669614897966894
1.166499724273537
0.0749825516485256
0.39005053110652166
1.8921143318886724
1.1083657470519193
1.7103728333690214
15.584215589729112
0.1276792482883428
1.211459566382982
1.006608198645833
98.82024303879084
1.3486708869410928
1.6519554952305742
0.33641684420888607
0.1983298977211446
1.4100612622760873
1.6694329423351901
219.20686316095154
0.5402419660535891
0.4723812035386392
1.520934574193354
0.4231267684928596
2.711100422622326
1.9848282804882913
0.568952006447077
65.41765691872159
66.11657024298611
5.123020407892104
2.3641662896022346
0.7145030432505527
1.7781996927824832
0.3916529806714974
2.293442545661147
0.500551373746405
0.011063974167657215
2.394079875382181
4.505838260321496
0.3905545921445193
141.06854740256097
3.0540943952313144
0.8650677535216186
1.014559236243615
0.604142764039915
0.35234644380028945
18.756892352472093
1.13344906331319
1.4172513766499621
1.5922530506089776
1.5827450075233975
0.09710410979691124
32.10431513644724
0.06019114516082571
0.8096951435544658
0.5914922363323923
2.2201635093499803
20.343412004695995
0.12641601966587182
0.15667488320368703
1.4554207580344811
45.32431005694621
0.10824419299939567
0.08920331034174658
1.225728217177483
0.0767050396046217
1.7516518733445856
1.2437924341193405
0.08615041247691678
0.09001390385239538
4.3816618701585535
0.476030004511726
0.4701589760216312
1.7012803505261456
138.4887227917196
4.334261060442257
1.4213750382392196
22.218194980140886
0.08853163389222263
1.524273052973749
0.8298995067354878
25.984393964292355
2.4045687318954236
0.11968860437172586
0.6889140339768166
0.011593761638091641
0.6420552972030505
0.05883944672607901
0.12843149014636113
0.12694425532738868
1.0636390986254498
1.391624012177912
0.8889856189497257
154.1422355572171
0.4770037117961547
0.34163091971642756
95.52940047612645
11.912662214987824
3.3535393281006582
0.012416548192837228
164.86517794446036
0.04479582672764067
2.251743217716653
0.7616511733217007
233.3196713343398
0.07783743560576059
0.8194915065828641
3.5370166343404947
34.85295716197678
1.0078561683905174
56.0090710729437
0.6154263416743065
1.0028260500654012
0.8912925595279007
2.3497353384103805
0.04722499255086242
0.3349028323262333
3.0500802099492494
2.243574392782066
28.62702414346056
0.9827820575503345
0.32985729236237277
0.2116012828336084
0.632616920309936
0.4426414834765533
0.8896861319286248
0.08216371054155375
3.7211841554215304
4.349584216684388
1.2162402723928005
36.153722884319116
17.43388439324371
1.706693909151068
1.172038115888628
8.353747510861718
113.83028557220817
1.7555189593938245
140.82218785271746
60.89039685842853
0.9649841364489697
0.5500127469597067
2.7404239136080997
2.041233743537059
0.04698281028560706
0.02713074004067017
0.4795940330839551
1.689169688087929
4.431227674875135
0.1655102334738921
0.9155574504888476
0.486829290042345
164.92079775587695
1.8742313013374625
1.850144204140301
0.6421174376509718
0.5440551624911596
0.3242886266572537
0.05891715359183773
2.0311146117321863
1.7018307018493668
8.29781881738819
5.782238266591357
0.8230877721059867
68.97139200496483
2.9406017575642798
1.9238396499711874
13.37515581485113
0.6080134100962508
6.509657717491941
3.1274773984089426
0.9461431475963811
0.2635862976459206
1.1309167615606004
45.313236991568616
0.4502229610492906
0.12238830810188554
1.1305225496892106
0.7458800585822036
1.5025087527993823
0.7455748838808693
1.941098513812214
0.8150691436025944
0.8357419547396167
98.50688765790699
0.5245731834676559
0.14609533578931413
0.0296530547069241
1.428643074842502
45.582881028773215
1.2363455119158404
0.2431553712216411
6.901104510931173
0.014876244081972427
0.4383097616193216
0.9050722735355766
0.5056213910399421
0.584145521350899
2.381037034804323
0.4346701225760606
0.7325939198363716
1.5543567907811802
0.5128285490089014
0.9880186243836024
2.01356393918173
3.032001464483991
0.161522349201878
2.651728195734756
0.6878963289126668
0.3033183451474841
0.6240153258568849
3.973692321243971
0.6889000053095952
18.762997261912812
1.0188807239365094
12.926858863749922
0.08010563525931173
0.14009189302754405
0.13912041921155593
0.16728747779648653
7.035138039011665
48.203997578951984
0.2038260003061484
0.4306460231116033
106.89555326494053
0.652235889647713
1.1181839233233568
0.19202993148412825
0.21682705958249587
1.9641146238933465
