WUSH 78.80 320 290
AKRN 19644.00 180 160
ALRS 28.24 250 270
APTK 6.98 140 170
ABIO 55.06 110 100
AFLT 63.50 310 340
BAZA 122.30 270 290
VTBR 91.05 230 200
BSPB 338.50 165 175
BTBR 128.70 300 310
VKCO 308.90 280 260
VSEH 80.80 210 190
VSMO 28800 370 400
GAZP 135.20 360 380
GLRX 57.50 170 150
DATA 94.90 140 120
ASTR 411.00 240 250
LSRG 720.00 200 210
POSI 1020.00 300 280
RAGR 110.50 150 130
FESH 46.70 190 170
DELI 77.85 180 160
DIAS 1365.00 160 140
DOMRF 2184.00 220 230
LEAS 650.45 130 110
EUTR 84.00 260 270
IVAT 124.5 125 105
AQUA 599.00 185 195
IRAO 3.80 205 215
KMAZ 67.50 255 245
X5 2500.00 320 330
LENT 1745.00 310 290
LKOH56240.00 390 410
MDMG 1290.00 340 350
MVID 60.80 235 225
MTLR 55.70 275 265
MTLRP 51.00 165 155
MAGN 25.00 295 305
MOEX 168.00 355 345
CBOM 6.41 145 135
MSNG 1.91 215 205
MTSS 205.00 325 315
MBNK 1310.00 195 185
NLMK 83.70 285 275
BELU 391.00 225 235
NVTK 960.00 385 395
GMKN 136.00 400 420
OGKB 0.31 185 175
OZON 4500.00 320 300
OZPH 50.70 155 145
RUAL 44.21 280 260
PIKK 643.00 250 240
PLZL 2080.00 420 440
PRMD 414.50 200 190
RASP 140.00 135 125
RENI 100.00 125 115
ROSN 414.00 350 370
FEES 0.067 105 95
MRKV 0.11 95 85
MSRS 1.96 175 165
MRKZ 0.128 165 155
MRKU 0.391 155 145
MRKC 0.607 145 135
MRKP 0.291 135 125
RTKM 55.70 245 255
RTKMP 56.75 255 265
HYDR 0.438 275 285
RNFT 117.80 305 295
SMLT 580.00 225 215
SBER 320.60 480 500
SBERP 319.90 470 490
CHMF 823.00 365 375
SGZH 0.87 195 185
SELG 51.10 175 165
AFKS 10.36 315 325
SVCB 13.45 215 205
FLOT 95.60 285 275
SVAV 600.00 205 195
SOFL 66.90 245 235
SPBE 188.60 265 255
SNGS 22.53 335 345
SNGSP 42.68 345 355
TATN 590.00 375 365
TATNP 549.50 395 385
TGKA 0.638 155 145
TGKN 0.0095 115 105
TRNFP 1230.00 395 405
TRMK 88.90 275 265
T 308.50 185 175
FIXR 0.95 145 135
PHOR 6650.00 405 415
HEAD 2000.00 135 125
HNFG 438.80 165 155
CNRU 625.40 125 115
ELFV 0.550 105 95
ELMT 0.143 95 85
ENPG 405.00 285 295
SFIN 1172.00 305 315
ETLN 28.62 235 225
UGLD 0.61 215 205
GEMC 800.00 195 185
UPRO 1.37 175 165
YDEX 4054.00 425 435